1.963495 0.907056 0.822751
621.911335 0.902696 0.814861
1241.859175 0.898025 0.806448
1861.807015 0.893406 0.798175
2481.754854 0.888782 0.789933
3101.702694 0.884200 0.781809
3721.650534 0.879629 0.773748
4341.598374 0.875082 0.765768
4961.546214 0.870562 0.757878
5581.494053 0.866060 0.750060
6201.441893 0.861602 0.742358
6821.389733 0.857144 0.734695
7441.337573 0.852719 0.727130
8061.285412 0.848314 0.719636
8681.233252 0.843949 0.712249
9301.181092 0.839585 0.704904
9921.128932 0.835256 0.697653
10541.076771 0.830938 0.690458
11161.024611 0.826641 0.683335
11780.972451 0.822373 0.676297
