3.926991 0.824500 0.679801
623.771489 0.820671 0.673501
1243.615987 0.816431 0.666559
1863.460485 0.812190 0.659653
2483.304982 0.807998 0.652860
3103.149480 0.803827 0.646137
3722.993978 0.799692 0.639507
4342.838476 0.795573 0.632937
4962.682974 0.791466 0.626419
5582.527472 0.787374 0.619957
6202.371970 0.783281 0.613528
6822.216468 0.779265 0.607253
7442.060966 0.775251 0.601013
8061.905464 0.771248 0.594823
8681.749961 0.767259 0.588686
9301.594459 0.763303 0.582632
9921.438957 0.759349 0.576611
10541.283455 0.755429 0.570673
11161.127953 0.751530 0.564798
11780.972451 0.747634 0.558957
