4.619989196455577485e+00 9.570000000000000284e+01
4.096795683067493883e+02 9.529999999999999716e+01
8.147391474170433412e+02 9.519999999999998863e+01
1.219798726527337067e+03 9.519999999999998863e+01
1.624858305637630792e+03 9.509999999999999432e+01
2.029917884747924518e+03 9.500000000000000000e+01
2.434977463858218925e+03 9.489999999999999147e+01
2.840037042968512651e+03 9.489999999999999147e+01
3.245096622078806377e+03 9.479999999999999716e+01
3.650156201189100102e+03 9.469999999999998863e+01
4.055215780299393828e+03 9.469999999999998863e+01
4.460275359409687553e+03 9.459999999999999432e+01
4.865334938519981733e+03 9.450000000000000000e+01
5.270394517630275004e+03 9.439999999999999147e+01
5.675454096740569184e+03 9.439999999999999147e+01
6.080513675850862455e+03 9.429999999999999716e+01
6.485573254961156636e+03 9.419999999999998863e+01
6.890632834071450816e+03 9.419999999999998863e+01
7.295692413181744087e+03 9.409999999999999432e+01
7.700751992292038267e+03 9.400000000000000000e+01
