4.619989196455577485e+00 6.879999999999999716e+01
4.096795683067493883e+02 6.670000000000000284e+01
8.147391474170433412e+02 6.620000000000000284e+01
1.219798726527337067e+03 6.579999999999999716e+01
1.624858305637630792e+03 6.529999999999999716e+01
2.029917884747924518e+03 6.490000000000000568e+01
2.434977463858218925e+03 6.440000000000000568e+01
2.840037042968512651e+03 6.400000000000000000e+01
3.245096622078806377e+03 6.360000000000000142e+01
3.650156201189100102e+03 6.310000000000000142e+01
4.055215780299393828e+03 6.270000000000000284e+01
4.460275359409687553e+03 6.229999999999999716e+01
4.865334938519981733e+03 6.189999999999999858e+01
5.270394517630275004e+03 6.150000000000000000e+01
5.675454096740569184e+03 6.100000000000000000e+01
6.080513675850862455e+03 6.060000000000000142e+01
6.485573254961156636e+03 6.019999999999999574e+01
6.890632834071450816e+03 5.979999999999999716e+01
7.295692413181744087e+03 5.939999999999999858e+01
7.700751992292038267e+03 5.900000000000000000e+01
