4.619989196455577485e+00 8.300000000000000000e+01
4.096795683067493883e+02 8.169999999999998863e+01
8.147391474170433412e+02 8.139999999999999147e+01
1.219798726527337067e+03 8.110000000000000853e+01
1.624858305637630792e+03 8.090000000000000568e+01
2.029917884747924518e+03 8.060000000000000853e+01
2.434977463858218925e+03 8.030000000000001137e+01
2.840037042968512651e+03 8.010000000000000853e+01
3.245096622078806377e+03 7.980000000000001137e+01
3.650156201189100102e+03 7.950000000000000000e+01
4.055215780299393828e+03 7.920000000000000284e+01
4.460275359409687553e+03 7.900000000000000000e+01
4.865334938519981733e+03 7.870000000000000284e+01
5.270394517630275004e+03 7.840000000000000568e+01
5.675454096740569184e+03 7.820000000000000284e+01
6.080513675850862455e+03 7.790000000000000568e+01
6.485573254961156636e+03 7.760000000000000853e+01
6.890632834071450816e+03 7.740000000000000568e+01
7.295692413181744087e+03 7.710000000000000853e+01
7.700751992292038267e+03 7.690000000000000568e+01
