-0.196350 0.612265
-0.192383 0.621276
-0.188416 0.630110
-0.184450 0.638760
-0.180483 0.647152
-0.176516 0.655451
-0.172550 0.663639
-0.168583 0.671583
-0.164616 0.679381
-0.160650 0.686960
-0.156683 0.694339
-0.152716 0.701531
-0.148750 0.708543
-0.144783 0.715253
-0.140816 0.721892
-0.136850 0.728350
-0.132883 0.734559
-0.128916 0.740629
-0.124950 0.746450
-0.120983 0.752103
-0.117016 0.757508
-0.113050 0.762739
-0.109083 0.767705
-0.105116 0.772557
-0.101150 0.777203
-0.097183 0.781634
-0.093216 0.785866
-0.089250 0.789867
-0.085283 0.793656
-0.081316 0.797262
-0.077350 0.800639
-0.073383 0.803798
-0.069417 0.806770
-0.065450 0.809537
-0.061483 0.812080
-0.057517 0.814419
-0.053550 0.816561
-0.049583 0.818448
-0.045617 0.820182
-0.041650 0.821690
-0.037683 0.822982
-0.033717 0.824055
-0.029750 0.824932
-0.025783 0.825588
-0.021817 0.826064
-0.017850 0.826313
-0.013883 0.826334
-0.009917 0.826171
-0.005950 0.825784
-0.001983 0.825190
0.001983 0.824393
0.005950 0.823416
0.009917 0.822204
0.013883 0.820796
0.017850 0.819181
0.021817 0.817365
0.025783 0.815373
0.029750 0.813149
0.033717 0.810722
0.037683 0.808119
0.041650 0.805289
0.045617 0.802275
0.049583 0.799073
0.053550 0.795665
0.057517 0.792075
0.061483 0.788284
0.065450 0.784321
0.069417 0.780162
0.073383 0.775785
0.077350 0.771237
0.081316 0.766517
0.085283 0.761583
0.089250 0.756486
0.093216 0.751265
0.097183 0.745771
0.101150 0.740126
0.105116 0.734389
0.109083 0.728412
0.113050 0.722273
0.117016 0.716018
0.120983 0.709505
0.124950 0.702846
0.128916 0.695889
0.132883 0.689040
0.136850 0.681917
0.140816 0.674661
0.144783 0.667193
0.148750 0.659590
0.152716 0.651816
0.156683 0.643913
0.160650 0.635856
0.164616 0.627788
0.168583 0.619388
0.172550 0.610901
0.176516 0.602308
0.180483 0.593528
0.184450 0.584672
0.188416 0.575805
0.192383 0.566587
0.196350 0.557319
